Jonathan Wong Homework 3, Question 2 Part C FK Matrices:

From Part B: Randomly generating 10 sets of joint angles:
Part B: Randomly generating 10 sets of joint angles:
Random Matrix 1, using theta: 18 in degrees, 0.3141592653589793 in radians
[[ 0.60495763 -0.16762626  0.77841358 -0.49074976]
 [-0.41921826 -0.89818161  0.13238522 -0.31161963]
 [ 0.67696552 -0.40641264 -0.61363381 -0.31908172]
 [ 0.          0.          0.          1.        ]]
Copy and paste for Part C {0.3141592653589793,0.3141592653589793,0.3141592653589793,0.3141592653589793,0.3141592653589793,0.3141592653589793}

Random Matrix 2, using theta: -56 in degrees, -0.9773843811168246 in radians
[[ 0.95640871 -0.18500633 -0.22595361 -0.19534617]
 [ 0.2340963   0.94826615  0.21445332  0.03922787]
 [ 0.17458894 -0.25799993  0.95023931  1.07064763]
 [ 0.          0.          0.          1.        ]]
Copy and paste for Part C {-0.9773843811168246,-0.9773843811168246,-0.9773843811168246,-0.9773843811168246,-0.9773843811168246,-0.9773843811168246}

Random Matrix 3, using theta: -18 in degrees, -0.3141592653589793 in radians
[[ 0.60495763  0.16762626 -0.77841358 -0.8816162 ]
 [ 0.41921826 -0.89818161  0.13238522  0.1342891 ]
 [-0.67696552 -0.40641264 -0.61363381  0.40464148]
 [ 0.          0.          0.          1.        ]]
Copy and paste for Part C {-0.3141592653589793,-0.3141592653589793,-0.3141592653589793,-0.3141592653589793,-0.3141592653589793,-0.3141592653589793}

Random Matrix 4, using theta: 11 in degrees, 0.19198621771937624 in radians
[[ 0.82245507 -0.19495939  0.53437673 -0.63452534]
 [-0.22035771 -0.97527677 -0.01666437 -0.27113962]
 [ 0.52441409 -0.10404834 -0.84508213 -0.23330016]
 [ 0.          0.          0.          1.        ]]
Copy and paste for Part C {0.19198621771937624,0.19198621771937624,0.19198621771937624,0.19198621771937624,0.19198621771937624,0.19198621771937624}

Random Matrix 5, using theta: -47 in degrees, -0.8203047484373349 in radians
[[ 0.72398157 -0.43801447 -0.53291089 -0.37237647]
 [ 0.68099983  0.57696801  0.45094028  0.1918644 ]
 [ 0.10995417 -0.68938468  0.71600199  1.01336519]
 [ 0.          0.          0.          1.        ]]
Copy and paste for Part C {-0.8203047484373349,-0.8203047484373349,-0.8203047484373349,-0.8203047484373349,-0.8203047484373349,-0.8203047484373349}

Random Matrix 6, using theta: -34 in degrees, -0.5934119456780721 in radians
[[ 0.39696313 -0.28487314 -0.87250649 -0.65619758]
 [ 0.84655365 -0.25366322  0.46797638  0.26981655]
 [-0.35463671 -0.92439292  0.14046545  0.79851765]
 [ 0.          0.          0.          1.        ]]
Copy and paste for Part C {-0.5934119456780721,-0.5934119456780721,-0.5934119456780721,-0.5934119456780721,-0.5934119456780721,-0.5934119456780721}

Random Matrix 7, using theta: -25 in degrees, -0.4363323129985824 in radians
[[ 0.42905303  0.00554745 -0.90326227 -0.81115366]
 [ 0.64208445 -0.70521647  0.30066143  0.21916143]
 [-0.63532752 -0.70897035 -0.30613719  0.58625987]
 [ 0.          0.          0.          1.        ]]
Copy and paste for Part C {-0.4363323129985824,-0.4363323129985824,-0.4363323129985824,-0.4363323129985824,-0.4363323129985824,-0.4363323129985824}

Random Matrix 8, using theta: 4 in degrees, 0.06981317007977318 in radians
[[ 0.97423235 -0.09167272  0.2060763  -0.75986698]
 [-0.07087938 -0.99182322 -0.10612642 -0.19876603]
 [ 0.21412016  0.08878523 -0.97276397 -0.1161388 ]
 [ 0.          0.          0.          1.        ]]
Copy and paste for Part C {0.06981317007977318,0.06981317007977318,0.06981317007977318,0.06981317007977318,0.06981317007977318,0.06981317007977318}

Random Matrix 9, using theta: 25 in degrees, 0.4363323129985824 in radians
[[ 0.42905303 -0.00554745  0.90326227 -0.34399382]
 [-0.64208445 -0.70521647  0.30066143 -0.31949268]
 [ 0.63532752 -0.70897035 -0.30613719 -0.37385092]
 [ 0.          0.          0.          1.        ]]
Copy and paste for Part C {0.4363323129985824,0.4363323129985824,0.4363323129985824,0.4363323129985824,0.4363323129985824,0.4363323129985824}

Random Matrix 10, using theta: 27 in degrees, 0.47123889803846897 in radians
[[ 0.39992664  0.05735297  0.91475096 -0.30344175]
 [-0.7008981  -0.62396757  0.34555221 -0.31622284]
 [ 0.59059338 -0.77934274 -0.20934266 -0.38418947]
 [ 0.          0.          0.          1.        ]]
Copy and paste for Part C {0.47123889803846897,0.47123889803846897,0.47123889803846897,0.47123889803846897,0.47123889803846897,0.47123889803846897}
